# R script for Peak Model
#  -- generated by MACS
p <- c(0.033354844974570405,0.03874118461034258,0.04438040404122143,0.04989318357454694,0.05570941886200046,0.055633554923468456,0.05510250735374444,0.05540596310787245,0.05525423523080845,0.05522894725129778,0.05507721937423377,0.055684130882489795,0.05512779533325511,0.055001355435701775,0.05487491553814843,0.05517837129227644,0.05535538714885112,0.05520365927178711,0.054748475640595096,0.05452088382499909,0.05505193139472311,0.05492549149716977,0.05530481118982978,0.055582978964447124,0.055532403005425786,0.055684130882489795,0.05603816259563914,0.05613931451368181,0.05639219430878848,0.05639219430878848,0.056569210165363155,0.056063450575149804,0.05540596310787245,0.05527952321031911,0.05570941886200046,0.05517837129227644,0.05507721937423377,0.05457145978402043,0.054065700193807076,0.0538886843372324,0.05383810837821107,0.05363580454212573,0.054900203517659105,0.054596747763531094,0.05436915594793509,0.05487491553814843,0.054343867968424414,0.05426800402989242,0.05467261170206309,0.054900203517659105,0.054799051599616434,0.05535538714885112,0.05505193139472311,0.055481827046404454,0.055001355435701775,0.05492549149716977,0.05492549149716977,0.05517837129227644,0.055481827046404454,0.05565884290297913,0.05555769098493646,0.05527952321031911,0.054849627558637766,0.05447030786597776,0.054849627558637766,0.05439444392744575,0.05543125108738312,0.055001355435701775,0.05515308331276578,0.05515308331276578,0.05550711502591512,0.055582978964447124,0.05593701067759647,0.055987586636617806,0.05573470684151113,0.05624046643172448,0.05611402653417114,0.05644277026780982,0.05689795389900183,0.05659449814487382,0.05639219430878848,0.05631633037025648,0.056569210165363155,0.057302561571172514,0.057555441366279186,0.057606017325300525,0.05742900146872585,0.05783360914089653,0.05742900146872585,0.0579347610589392,0.057504865407257855,0.05742900146872585,0.056670362083405826,0.056518634206341824,0.05672093804242716,0.056088738554660476,0.05644277026780982,0.05603816259563914,0.05581057078004313,0.05573470684151113,0.055785282800532465,0.05581057078004313,0.0557599948210218,0.055481827046404454,0.05527952321031911,0.05540596310787245,0.05512779533325511,0.055532403005425786,0.05555769098493646,0.05525423523080845,0.05535538714885112,0.055481827046404454,0.056265754411235144,0.05631633037025648,0.056366906329277815,0.05641748228829915,0.05611402653417114,0.055633554923468456,0.0557599948210218,0.056265754411235144,0.05717612167361918,0.05710025773508717,0.056088738554660476,0.056518634206341824,0.05641748228829915,0.05732784955068318,0.05732784955068318,0.05796004903844987,0.05783360914089653,0.05841523266964188,0.05778303318187519,0.05892099225985523,0.05945203982957925,0.059806071542728594,0.05973020760419659,0.059275023973004576,0.060008375378813934,0.06066586284609129,0.061095758497772636,0.060210679214899275,0.06053942294853795,0.05983135952223926,0.06066586284609129,0.060008375378813934,0.059957799419792596,0.0601853912353886,0.05998308739930327,0.0598819354812606,0.05973020760419659,0.0598819354812606,0.05940146387055791,0.0590221441778979,0.05884512832132323,0.0587945523623019,0.05844052064915255,0.05737842550970452,0.05603816259563914,0.055633554923468456,0.05472318766108443,0.05447030786597776,0.05452088382499909,0.05510250735374444,0.05492549149716977,0.05522894725129778,0.055785282800532465,0.05611402653417114,0.057150833694108505,0.0569991058170445,0.057504865407257855,0.057555441366279186,0.058389944690131215,0.05811177691551387,0.058491096608173886,0.05816235287453521,0.05806120095649254,0.059123296095940574,0.059376175891047246,0.059173872054961905,0.05993251144028193,0.05993251144028193,0.05950261578860058,0.05983135952223926,0.05935088791153658,0.05983135952223926,0.05998308739930327,0.058971568218876565,0.058668112464748554,0.059275023973004576,0.05942675185006858,0.06064057486658062,0.06038769507147394,0.05965434366566459,0.06043827103049528,0.060160103255877936,0.06081759072315529,0.061095758497772636,0.061727957985539324,0.062031413739667335,0.061196910415815306,0.06094403062070863,0.061576230108475315,0.06266361322743402,0.06223371757575267,0.06311879685862604,0.06319466079715803,0.06390272422345672,0.06387743624394605,0.06347282857177537,0.06370042038737138,0.06299235696107269,0.06268890120694469,0.06347282857177537,0.06405445210052073,0.06375099634639272,0.06372570836688206,0.0642314679570954,0.06428204391611674,0.06499010734241542,0.06592576258431013,0.06691199378522615,0.06668440196963014,0.06597633854333146,0.06643152217452347,0.06633037025648081,0.06597633854333146,0.06552115491213945,0.06488895542437276,0.06443377179318074,0.0640038761414994,0.06387743624394605,0.06461078764975542,0.06526827511703277,0.06433261987513807,0.06458549967024475,0.06471193956779808,0.06567288278920345,0.0664820981335448,0.06678555388767282,0.06711429762131149,0.06668440196963014,0.0662545063179488,0.06602691450235279,0.06630508227697014,0.06643152217452347,0.06658325005158748,0.06605220248186346,0.06643152217452347,0.0664062341950128,0.06673497792865149,0.06741775337543951,0.06820168074027019,0.06901089608461156,0.07007299122405959,0.07014885516259159,0.07123623828155029,0.07123623828155029,0.07159026999469964,0.07166613393323164,0.07148911807665696,0.0713879661586143,0.07143854211763563,0.07098335848644362,0.0703005830396556,0.07073047869133695,0.06974424749042091,0.07007299122405959,0.07080634262986894,0.07113508636350763,0.07083163060937961,0.07085691858889029,0.07100864646595428,0.07065461475280495,0.07065461475280495,0.07004770324454893,0.07143854211763563,0.07143854211763563,0.07083163060937961,0.07148911807665696,0.07207074160540232,0.07285466897023302,0.07204545362589165,0.07303168482680769,0.07379032421212771,0.07444781167940506,0.07523173904423576,0.0762938341836838,0.07664786589683313,0.07669844185585448,0.0776846730567705,0.07733064134362115,0.0784686004216012,0.07770996103628117,0.07824100860600519,0.07884792011426121,0.0784686004216012,0.07836744850355852,0.07836744850355852,0.07803870476991985,0.07712833750753582,0.07862032829866519,0.07996059121273058,0.08193305361456264,0.08291928481547867,0.08347562036471336,0.08385494005737337,0.08466415540171472,0.08587797841822677,0.08762284900446282,0.08957002342678422,0.0902780868530829,0.09032866281210425,0.09022751089406157,0.08994934311944423,0.09085971038182826,0.09144133391057362,0.09111259017693493,0.09118845411546694,0.09091028634084959,0.09108730219742427,0.09111259017693493,0.0910620142179136,0.09123903007448828,0.09189651754176563,0.09230112521393631,0.09230112521393631,0.09341379631240568,0.09457704336989638,0.09586673032494042,0.0963472019356431,0.09687824950536712,0.0972828571775378,0.09778861676775115,0.09897715180475253,0.09912887968181652,0.10057029451392457,0.10107605410413792,0.10115191804266993,0.10158181369435128,0.10193584540750061,0.10107605410413792,0.10221401318211797,0.10239102903869263,0.10150594975581927,0.10163238965337261,0.10064615845245657,0.10014039886224323,0.1003174147188179,0.09976107916958321,0.1004691425958819,0.10089903824756324,0.10069673441147792,0.10107605410413792,0.10165767763288328,0.10218872520260729,0.10368071599373667,0.10509684284633405,0.10570375435459008,0.10651296969893143,0.10663940959648477,0.1074739129203368,0.10782794463348613,0.10823255230565682,0.10853600805978483,0.10894061573195551,0.10947166330167953,0.10929464744510485,0.1094210873426582,0.10944637532216886,0.10899119169097685,0.10969925511727553,0.10967396713776487,0.10980040703531821,0.11114066994938358,0.11111538196987292,0.11048318248210623,0.11177286943715027,0.11184873337568227,0.11235449296589561,0.11280967659708764,0.11306255639219431,0.113846483757025,0.114074075572621,0.1128349645765983,0.11336601214632232,0.11288554053561964,0.11091307813378758,0.11111538196987292,0.11192459731421427,0.11243035690442763,0.11364417992093966,0.11306255639219431,0.113694755879961,0.11470627506038769,0.11584423413836774,0.11736151290900779,