# R script for Peak Model
#  -- generated by MACS
p <- c(0.041844172584834236,0.04887645744531488,0.0560786219713511,0.06318545833973743,0.07036562406016214,0.07080560017239242,0.0705905007397465,0.07078848999025013,0.07096692474687685,0.07092048282391922,0.07084715347188084,0.07090215048590962,0.07077993489917898,0.07084959778361545,0.07053917019331964,0.07033995878694871,0.0703974001127121,0.07022996475889114,0.07004053059945865,0.0701248593543028,0.07019452223873925,0.0701444138481797,0.07007963958721246,0.07010530486042589,0.07016030187445467,0.0699720898708895,0.07004297491119327,0.07029473901985837,0.07031551566960258,0.07012730366603741,0.07022140966781999,0.07015541325098545,0.07018230068006619,0.0699720898708895,0.07025318572036995,0.07013463660124124,0.07006252940507017,0.06992442579206455,0.06994764675354337,0.07003564197598942,0.0700674180285394,0.07018841145940272,0.07009430545762013,0.07009186114588552,0.06997820065022603,0.06999531083236832,0.07003075335252021,0.06999897729997023,0.0700111988586433,0.0701835228359335,0.07004297491119327,0.06994153597420684,0.0699537575328799,0.07000875454690869,0.06997086771502219,0.07035340250148907,0.07044139772393514,0.07029107255225645,0.07041573245072169,0.07029229470812376,0.07048661749102547,0.07042795400939476,0.07045117497087358,0.07051961569944273,0.07043773125633321,0.07026907374664494,0.07021652104435076,0.0702605186555738,0.07022874260302382,0.07017863421246427,0.07009552761348743,0.07035584681322368,0.07043162047699668,0.07043284263286399,0.07062227679229646,0.07055261390786001,0.0706296097275003,0.07079582292545397,0.07089115108310386,0.0709388151619288,0.07096448043514224,0.07082393251040202,0.0708214881986674,0.07074449237902711,0.07057705702520613,0.07081782173106548,0.07067849596219256,0.07058316780454267,0.07036195759256023,0.07040228873618133,0.07038640070990634,0.07055383606372731,0.07066260793591758,0.0705709462458696,0.07061983248056186,0.07040839951551786,0.07058194564867536,0.0705892785838792,0.07073227082035403,0.07067116302698873,0.07069193967673293,0.07067116302698873,0.07060150014255226,0.0708031558606578,0.07100970020223257,0.07114902597110549,0.07108302955427095,0.07109647326881133,0.07116369184151318,0.07126635293436691,0.07121013376447081,0.07110625051574977,0.07105003134585368,0.0709742576820807,0.07092292713565383,0.07100970020223257,0.07088992892723656,0.07096081396754032,0.07097792414968261,0.0710720301514652,0.07117835771192085,0.07123213257008233,0.07130546192212071,0.0713421265981399,0.07137023618308794,0.07133357150706876,0.07143745475578979,0.07135801462441488,0.07138856852109754,0.07137512480655717,0.0714594535614013,0.07133723797467068,0.07143623259992249,0.07162933322695689,0.07156455896598965,0.07175888174889136,0.07190309614123351,0.07200331292235262,0.07222207882260046,0.0720937524565333,0.07220130217285625,0.07247384293126556,0.07255450521850779,0.07254228365983471,0.07256061599784432,0.07258017049172122,0.07272805135166528,0.07276716033941909,0.07257161540065007,0.07280382501543828,0.07259361420626158,0.0725789483358539,0.07267794296110572,0.07284293400319207,0.07290281964069009,0.07283437891212093,0.0728282681327844,0.07296148312232079,0.07320346998404745,0.07304458972129763,0.07319858136057822,0.07330124245343195,0.07322669094552627,0.07305558912410338,0.07307147715037836,0.072982259772065,0.0730030364218092,0.07305558912410338,0.07294681725191311,0.07299570348660536,0.07300059211007459,0.0730788100855822,0.07312525200853984,0.07320958076338398,0.07337823827307224,0.07351634188607786,0.0736202251347989,0.07381821438530253,0.07392698625749279,0.07411153179345605,0.07417386174268867,0.07413964137840409,0.07435229649931539,0.07436940668145768,0.07456861808782862,0.07477027380593416,0.07473727559751689,0.07466639055721312,0.07473605344164959,0.07495604149776472,0.07517847386561448,0.07535201999877197,0.07541923857147383,0.0756868907064139,0.07552556613192948,0.07552434397606217,0.07561844997784475,0.07567100268013893,0.07569789010921966,0.0756856685505466,0.07570644520029081,0.07576022005845229,0.07574799849977923,0.07575410927911576,0.07607431411635002,0.07605353746660581,0.07611097879236921,0.07614886562425571,0.0763199674456786,0.07634807703062664,0.07651062376097838,0.07662672856837248,0.0768051633249992,0.07702759569284896,0.07679294176632614,0.07719747535840454,0.07730380291886019,0.07749445923415998,0.0775946760152791,0.07758612092420795,0.07787821617649417,0.07790632576144221,0.07782932994180192,0.07768755986119438,0.07796621139894022,0.07776333352496738,0.07787210539715764,0.07797110002240945,0.07801509763363247,0.07812631381755736,0.07807987189459971,0.07811042579128237,0.07836096774408018,0.07850884860402424,0.07864939652876446,0.07883516422059503,0.07895004687212183,0.07907226245885246,0.07900015526268138,0.07928613973563106,0.07934235890552715,0.07956601342924421,0.0797371152506671,0.07984344281112275,0.08008787398458402,0.08037019198993178,0.08059995729298537,0.08082605612843705,0.08101671244373683,0.08115603821260975,0.08119392504449625,0.08145668855596712,0.08159968079244195,0.08182944609549554,0.08196510539676655,0.08190521975926854,0.08195899461743002,0.08193210718834927,0.08221320303782974,0.08231464197481615,0.08248818810797366,0.08269595460541573,0.08253829649853321,0.08280228216587139,0.08279250491893293,0.0828633899592367,0.08291838697326549,0.08308337801535184,0.08325203552504011,0.0833852505145765,0.08366145774058774,0.08346591280181873,0.08364068109084354,0.08341702656712648,0.08365534696125121,0.08396333023981241,0.08433364346760622,0.08447419139234645,0.08458418542040402,0.08478095251504034,0.08468073573392122,0.08498994116834972,0.08528325857650325,0.08560346341373751,0.08551791250302605,0.08584667243133146,0.08579900835250652,0.08603244012316202,0.08609721438412926,0.08625609464687908,0.08645775036498463,0.08651396953488072,0.08676206717594391,0.08694172408843794,0.08716904507975691,0.08706027320756665,0.08737558942133168,0.08754669124275458,0.087919448782283,0.08831298297155564,0.0888055117860801,0.08936281486157178,0.08973435024523291,0.09025498864470541,0.09113494086916596,0.09195867392373043,0.09259786144233165,0.09348025797852681,0.09407667004177231,0.09446409345170842,0.09495051148689634,0.09532449118229208,0.09571558105983011,0.09620933203022186,0.09620566556261995,0.09640609912485817,0.09635965720190054,0.09625821826491411,0.09661142131056565,0.09661508777816756,0.09686440757509805,0.0970086219674402,0.09735082561028598,0.0974143777153859,0.09760258971895108,0.09771136159114134,0.09814156045643317,0.09856075991891924,0.098511873684227,0.09873919467554597,0.09889563062656118,0.09912172946201285,0.09938571512935102,0.0994969313132759,0.09981958046224478,0.10001634755688109,0.10020822602804819,0.10030966496503461,0.10061398177599389,0.1010625129792953,0.10131549924382773,0.10174814242085416,0.10182391608462715,0.10210623408997492,0.10221989458563441,0.10255232098154173,0.10274542160857614,0.10290796833892787,0.10308151447208537,0.10319639712361217,0.10345793847921572,0.10330272468406781,0.10346038279095034,0.10354226723405986,0.10376103313430769,0.1037035918085443,0.10373170139349235,0.10408490443914388,0.10423156314322063,0.10446743922561076,0.10443444101719349,0.10455543444805682,0.10469598237279704,0.10525450760415603,0.10545127469879235,0.10581547714724963,0.10615157001075888,0.10617845743983963,0.10662210001967182,0.10690075155741767,0.10727839772041532,0.10776237144386863,0.10810090861911248,0.10815712778900857,0.10841866914461214,0.10874987338465214,0.10874865122878484,0.1088354242953636,0.10879509315174248,0.10872909673490794,0.1087987596193444,0.1087999817752117,0.1089918602463788,0.10895397341449231,0.10909085487163062,0.10930228783667462,0.10984003641828939,0.11002824842185457,0.11014557538511598,0.11050733352183865,0.11066254731698656,0.11090942280218244,0.11085442578815366,0.11127362525063973,0.11143861629272608,0.1115009462419587,0.11166471512817776,0.11206924872025614,0.11250800267661912,